359.978027	
0.59329778	
2.17542553	
4.15308523	
6.28456306	
8.35011864	
9.84435081	
10.8112068	
11.1188421	
10.8771286	
10.1739607	
9.3389492	
8.39406681	
7.73484707	
7.1635232	
6.96575689	
7.27339315	
7.80076885	
8.54788494	
9.40487099	
10.2838306	
11.2506866	
12.0197763	
12.5911007	
13.008606	
13.1404505	
13.2063723	
13.2942686	
13.272294	
13.382164	
13.6458521	
14.1073065	
14.5907345	
15.2499542	
15.9970703	
16.8101082	
17.5572243	
18.216444	
18.8756638	
19.4030399	
19.9523888	
20.4138432	
20.7874012	
21.0730629	
21.3147774	
21.4685955	
21.6663609	
21.9520226	
22.3036079	
22.677166	
23.1386185	
23.6879692	
24.2592926	
25.0283833	
25.7754993	
26.4786663	
27.1598606	
27.6872368	
28.1926384	
28.6101437	
28.9397545	
29.1155472	
29.3133125	
29.4671307	
29.6868706	
29.7967396	
30.0604286	
30.3680649	
30.8075447	
31.2030754	
31.6865044	
32.2138786	
32.7632294	
33.3125801	
33.8179817	
34.3893051	
34.8947067	
35.4440575	
35.8395882	
36.3449898	
36.7844734	
37.289875	
37.7733002	
38.2347565	
38.6522598	
38.9598961	
39.3334541	
39.7070122	
40.146492	
40.5859718	
41.0694008	
41.6846733	
42.2999458	
42.9811401	
43.5964127	
44.1897087	
44.7830048	
45.2444611	
45.6839409	
46.1014481
46.5409279	
46.8705368	
47.1781731	
47.4418602	
47.7494965	
48.0791054	
48.4306908	
48.9141197	
49.3535995	
49.9908447	
50.5621681	
51.1115189	
51.6169205	
52.1442947	
52.4958801	
52.8474655	
53.155098	
53.4187889	
53.792347	
54.0999832	
54.4955139	
54.8910446	
55.3085518	
55.5722389	
55.9897461	
56.2973824	
56.6709404	
57.022522	
57.4180565	
57.9454308	
58.4288597	
59.1539993	
59.8791428	
60.5823097	
61.2195549	
61.7908821	
62.3841782	
62.8676071	
63.2631378	
63.6586685	
63.9663048	
64.1860428	
64.4717102	
64.7353973	
65.0869827	
65.3726425	
65.7462006	
66.2735748	
66.8668747	
67.4821472	
68.1853104	
68.8445358	
69.4598083	
70.1190262	
70.6244278	
71.1737747	
71.6791763	
72.0966873	
72.4702454	
72.7119598	
72.931694	
73.1734085	
73.3272324	
73.5909195	
73.8985519	
74.3160629	
74.7555389	
75.3268661	
75.9421387	
76.6892471	
77.4363632	
78.139534	
78.6888809	
79.2821808	
79.6996918	
80.0952225	
80.3589096	
80.6225967	
80.8423386	
81.0181274	
81.2378693	
81.5015564	
81.7432709	
82.0728836	
82.4244614	
82.8199997	
83.2814484	
83.8308029	
84.3142242	
84.9734497	
85.4568787	
86.1160965	
86.7753143	
87.3026886	
87.8740158	
88.4233627	
88.9287643	
89.4781189	
89.9175949	
90.2472076
90.5768204	
90.7306366	
90.9943237	
91.3459091	
91.6095963	
92.005127	
92.5325012	
93.1917267	
94.0267334	
94.7299042	
95.5209656	
96.2680817	
96.8833542	
97.4327011	
97.9381027	
98.3775864	
98.6412735	
98.9489136	
99.2126007	
99.4543152	
99.739975	
100.047607	
100.443146	
100.926567	
101.497894	
102.069221	
102.618568	
103.101997	
103.585426	
104.046875	
104.332542	
104.574257	
104.837944	
105.211502	
105.541107	
105.980591	
106.332176	
106.771652	
107.14521	
107.45285	
107.760483	
108.046143	
108.265884	
108.705368	
109.100899	
109.562347	
110.1996	
110.902763	
111.583961	
112.35305	
112.990295	
113.561615	
114.132942	
114.594398	
114.989929	
115.495331	
115.737045	
116.022705	
116.352318	
116.637978	
116.96759	
117.429039	
117.890495	
118.505768	
119.099068	
119.780258	
120.417503	
120.966858	
121.538177	
121.933708	
122.43911	
122.812668	
123.230179	
123.62571	
124.043213	
124.350853	
124.658485	
124.944153	
125.251785	
125.625343	
125.954956	
126.48233	
126.943787	
127.471161	
128.108398	
128.833542	
129.470795	
130.13002	
130.679367	
131.184769	
131.602264	
131.909912	
132.129654	
132.371353	
132.459259	
132.569122	
132.832809	
132.964661	
133.338211	
133.689804
134.129288	
134.568756	
135.074158	
135.579559	
136.172867	
136.700241	
137.359451	
137.864853	
138.370255	
138.963562	
139.512909	
139.996338	
140.435822	
140.941223	
141.336746	
141.710312	
141.952026	
142.237686	
142.523346	
142.721115	
143.204544	
143.578094	
144.127457	
144.852585	
145.577728	
146.434723	
147.181839	
147.994873	
148.763962	
149.401215	
149.796738	
150.170303	
150.390045	
150.565826	
150.609772	
150.807541	
151.049255	
151.29097	
151.642563	
152.19191	
152.873093	
153.554291	
154.12561	
154.718918	
155.268265	
155.663803	
156.037354	
156.344986	
156.652634	
156.960266	
157.267899	
157.641464	
157.971069	
158.38858	
158.696213	
159.003845	
159.289505	
159.61911	
159.992676	
160.454132	
160.871628	
161.464935	
162.058228	
162.717453	
163.420624	
163.991943	
164.563263	
165.068665	
165.639999	
166.01355	
166.431061	
166.782639	
167.024353	
167.419891	
167.727524	
168.035156	
168.408722	
168.84819	
169.309647	
169.990845	
170.540192	
171.155472	
171.814682	
172.386017	
172.891418	
173.286942	
173.748398	
174.253799	
174.561432	
175.088806	
175.396454	
175.857895	
176.209488	
176.626984	
176.890686	
177.41806	
177.769638	
178.297012	
178.89032	
179.417694	
180.032959	
180.560333	
181.043762	
181.571136	
182.032593	
182.450104	
182.713791	
183.087341	
183.373001	
183.702621	
184.010254	
184.164078	
184.427765	
184.691452	
184.999084	
185.350662	
185.746201	
186.251602	
186.757004	
187.372269	
187.987549	
188.558868	
189.240067	
189.811386	
190.404694	
190.888123	
191.415497	
191.854965	
192.272476	
192.624054	
192.865768	
193.107483	
193.305252	
193.590912	
193.876572	
194.228165	
194.667648	
195.216995	
195.876205	
196.667282	
197.392426	
198.249405	
198.974548	
199.721664	
200.292984	
200.820358	
201.259842	
201.501556	
201.677353	
201.831161	
202.050903	
202.138809	
202.446442	
202.798019	
203.281448	
203.808823	
204.468048	
205.171219	
205.742538	
206.379791	
206.907166	
207.368607	
207.786118	
208.181656	
208.511261	
208.818893	
209.104553	
209.434174	
209.719833	
209.873642	
210.159317	
210.357071	
210.664719	
210.994324	
211.323929	
211.873276	
212.334732	
212.92804	
213.697128	
214.378326	
215.037537	
215.718735	
216.312027	
216.905334	
217.410736	
217.960083	
218.267715	
218.575348	
218.817062	
219.124695	
219.432343	
219.761948	
220.091553	
220.574982	
221.146317	
221.783554	
222.376846	
222.904236	
223.475555	
223.937012	


