-0.139668331	
-0.0868898183	
-0.076432392	
0.0562404767	
0.345124155	
1.1091634	
1.35917759	
1.6058228	
2.22110391	
2.88724113	
3.21603346	
3.79612017	
4.68685436	
5.07083702	
5.37147999	
5.99032116	
6.55694151	
6.86135817	
7.54444504	
8.38938046	
9.02215004	
9.44386864	
10.1864719	
11.1348534	
11.2017632	
11.5214014	
12.2893782	
12.9357166	
13.274085	
13.7365646	
14.2437649	
14.5894156	
14.8894281	
15.2520733	
15.8122654	
16.3720188	
17.0231819	
17.8624268	
18.5303421	
18.9586124	
19.3684921	
19.9173088	
20.5063019	
21.0847874	
21.6042385	
22.0599365	
22.4151211	
22.7999496	
23.1826191	
23.5193253	
23.896946	
24.3703041	
24.8338795	
25.4925804	
26.2707462	
26.8531761	
27.3727074	
28.3914337	
28.6548882	
28.874649	
29.6809731	
30.4363956	
30.692564	
31.0510273	
31.623724	
32.0604897	
32.2015572	
32.6813316	
33.1669426	
33.7149696	
34.4116287	
35.1530571	
35.7981834	
36.2265396	
36.7324448	
37.3957176	
37.941658	
38.3965645	
38.9972801	
39.553688	
39.9376488	
40.3325996	
40.6897774	
41.0695686	
41.5244789	
42.0000381	
42.5009003	
43.2153778	
44.0043373	
44.4674225	
44.8796196	
45.6070175	
46.3491325	
46.4683838	
46.8727264	
47.6605797	
48.2548409	
48.5328827	
48.921772	
49.287529