0.0483616479	
0.0965536833	
0.121807821	
0.314473212	
1.0390147	
1.29217434	
1.59493899	
2.19487333	
2.54196358	
3.00788069	
3.62622166	
4.10813999	
4.69876671	
5.39259863	
5.87723303	
6.26054001	
6.75330591	
7.32325792	
7.70026064	
8.31005764	
9.11104679	
9.8056488	
10.2294455	
10.8114176	
11.7856884	
11.9521713	
12.153594	
12.8498554	
13.5471716	
13.933116	
14.3502893	
14.9032917	
15.2554874	
15.5691605	
15.8947926	
16.3686752	
16.9818916	
17.6098461	
18.376482	
19.1175709	
19.6684971	
20.057724	
20.5241737	
21.097168	
21.6892529	
22.239542	
22.6773663	
23.0594082	
23.4338074	
23.9217796	
24.1748714	
24.514389	
24.974926	
25.4214363	
26.0245209	
26.6943569	
27.4806881	
28.0007591	
28.6656761	
29.4777203	
29.5898438	
30.1075974	
31.00741	
31.4232101	
31.7115097	
32.1598701	
32.4968185	
32.8910789	
33.2791252	
33.718132	
34.3262711	
34.8324242	
35.4987526	
36.3259163	
36.8514748	
37.2216797	
37.8285942	
38.5227242	
39.0258484	
39.4847412	
40.056694	
40.5960121	
40.9408913	
41.2802315	
41.6836205	
42.0788612	
42.5882187	
43.0362091	
43.6459885	
44.4471626	
45.0933456	
45.4164925	
45.9090118	
46.9086914	
47.2241516	
47.367733	
48.0118942	
48.8113289	
49.219944	
49.5223503