	-0.144262195	
	-0.100198872	
	1.57624543	
	6.03091192	
	12.6481552	
	20.2177162	
	26.5510483	
	29.8871174	
	30.4091797	
	30.1401939	
	30.7362823	
	32.65905	
	35.3832397	
	37.9822617	
	39.9913673	
	41.2543144	
	41.7489357	
	41.7397995	
	41.777462	
	42.158989	
	42.8958359	
	43.806282	
	44.7305946	
	45.4153633	
	45.7316971	
	45.7513161	
	45.7725143	
	45.9548225	
	46.3140755	
	46.6801033	
	46.8993111	
	46.9384003	
	46.8691864	
	46.8848228	
	46.9536209	
	46.9731712	
	46.9253006	
	46.9022331	
	46.9316063	
	46.9239349	
	46.8783302	
	46.8886299	
	46.9014931	
	46.8664207	
	46.8520927	
	46.8717651	
	46.8371239	
	46.8101158	
	46.8265305	
	46.7784843	
	46.6957321	
	46.7026749	
	46.7678299	
	46.8444977	
	46.804615	
	46.7631035	
	46.7081871	
	46.7167397	
	46.7431412	
	46.6730919	
	46.6076279	
	46.62117	
	46.6951866	
	46.7413483	
	46.7014542	
	46.6608276	
	46.6235847	
	46.6389465	
	46.6322556	
	46.5214005	
	46.3990822	
	46.3211632	
	46.3713951	
	46.4937172	
	46.5401573	
	46.4446335	
	46.2836838	
	46.1840935	
	46.2073326	
	46.3519707	
	46.4370003	
	46.4326248	
	46.459713	
	46.5358963	
	46.5867538	
	46.5451126	
	46.4491386	
	46.4147148	
	46.4173737	
	46.3262825	
	46.2577553	
	46.2684975	
	46.3967247	
	46.4742737	
	46.4506226	
	46.3096046	
	46.2044067	
	46.2093086	
	46.3113403	
	46.4269714